#####################################################################################################
# Data, intial values, parameters to save, and other code to execute sensitivity IPM in JAGS using
# R2jags package in Program R for East Fork (EF) elk population in Bitterroot Valley
#
#
#####################################################################################################
#####################################################################################################
# Data for EF base IPM
#
#####################################################################################################
# summer calf survival data (both sexes)

#exit times
S.Y.S<-structure(.Data=c(NA, 82, NA, 7, NA, NA, NA, NA, NA, NA, 10, 47, 69, 83, 21, NA, 158, NA, 86, 11, NA, NA, NA, NA, NA, 18, NA, NA, 17, NA, 78, NA, NA, 22, 16, NA, 18, NA, 10, NA, NA, NA, NA, NA, 157, 45, NA, 15, NA, 16, 108, NA, NA, NA, NA, NA, NA, NA, 102, NA, NA, NA, NA, NA, NA, 18, NA, NA, 19, NA, 12, NA, NA, NA, 156, NA, 67, NA, 58, NA, NA, NA, 36, NA, 18, NA, NA, 11, NA, NA, NA, 8, 34, NA, NA, NA, NA, NA, 16, NA, NA, 174, 80, NA, 136, 20, NA, NA, NA, NA, NA, NA, NA, 143, NA, 61, NA, NA, NA, 71, NA, NA, NA, NA, NA, NA, 90, NA, 2, NA, NA, NA, NA, NA, NA, NA, NA, NA, NA, 18, NA, NA, NA, NA, NA, NA, NA, NA, NA, NA, NA, 94, NA, NA, NA, 151, NA, NA, NA, NA, NA, NA, NA, NA, NA, NA, NA, 74),.Dim=c(3,56))

#enter times
S.Y.ENT.S<-structure(.Data=c(6, 4, 5, 2, 5, 0, 0, 5, 5, 4, 5, 5, 5, 0, 3, 5, 5, 6, 3, 0, 5, 4, 5, 2, 6, 5, 3, 5, 5, 3, 2, 4, 5, 3, 4, 6, 4, 1, 2, 5, 2, 5, 2, 4, 4, 0, 4, 4, 3, 3, 4, 5, 1, 3, 5, 6, 3, 3, 6, 2, 5, 5, 2, 4, 2, 2, 1, 5, 1, 5, 3, 4, 1, 3, 5, 3, 0, 5, 4, 5, 6, 4, 6, 4, 4, 5, 4, 6, 3, 5, 5, 1, 2, 5, 5, 5, 4, 2, 2, 5, 3, 6, 1, 4, 0, 4, 5, 4, 4, 3, 5, 6, 4, 6, 4, 5, 4, 2, 2, 5, 5, 4, 5, 4, 5, 3, 2, 4, 0, 2, 4, 5, NA, 4, 4, NA, 3, 0, NA, 5, 5, NA, 3, 4, NA, 3, 5, NA, 6, 4, NA, 3, 0, NA, 4, 6, NA, 5, 4, NA, NA, 0, NA, NA, 2, NA, NA, 4),.Dim=c(3,56))

#censoring times
S.Y.CEN.S<-structure(.Data=c(180, 0, 180, 0, 75, 180, 88, 49, 180, 169, 0, 0, 0, 0, 0, 91, 0, 180, 0, 0, 81, 180, 180, 180, 133, 0, 180, 141, 0, 180, 0, 76, 180, 0, 0, 180, 0, 45, 0, 180, 129, 180, 42, 180, 0, 0, 180, 0, 180, 0, 0, 150, 44, 180, 81, 180, 180, 4, 0, 180, 180, 180, 59, 74, 117, 0, 180, 180, 0, 180, 0, 49, 73, 180, 0, 4, 0, 66, 0, 39, 180, 180, 0, 101, 0, 39, 180, 0, 180, 180, 6, 0, 0, 180, 74, 180, 160, 160, 0, 98, 32, 0, 0, 168, 0, 0, 146, 100, 88, 180, 180, 144, 23, 0, 169, 0, 170, 66, 110, 0, 91, 36, 180, 47, 39, 180, 0, 180, 0, 62, 180, 180, NA, 180, 107, NA, 115, 71, NA, 0, 173, NA, 180, 180, NA, 11, 158, NA, 18, 180, NA, 0, 180, NA, 46, 0, NA, 8, 180, NA, NA, 137, NA, NA, 167, NA, NA, 0),.Dim=c(3,56))

#number sampled each year
n.obsS<-c(44, 53, 56)

#####################################################################################################
# winter calf survival data (both sexes)

#exit times
S.Y.W<-structure(.Data=c(53, 50, NA, NA, NA, NA, NA, NA, NA, 10, 33, NA, NA, NA, NA, NA, NA, NA, NA, NA, NA, 20, NA, NA, NA, NA, NA, NA, 62, 88, NA, NA, NA, NA, NA, NA, 9, NA, NA, NA, NA, NA, 109, NA, NA, NA, 81, NA, NA, NA, NA, NA, NA, 105, NA, NA, NA, NA, NA, NA, NA, NA, NA, NA, 92, NA, NA, NA, NA, NA, NA, NA, NA, NA, NA, NA, NA, NA, NA, 85, NA, NA, NA, NA),.Dim=c(3,28))

#enter times
S.Y.ENT.W<-structure(.Data=c(0, 0, 0, 5, 0, 0, 4, 0, 0, 4, 0, 0, 3, 0, 0, 4, 0, 0, 3, 0, 0, 4, 0, 0, 4, 0, 0, 4, 0, 0, 4, 0, 0, 4, 0, 0, 4, 2, 0, 4, 2, 0, 5, 2, 0, 0, 2, 0, 0, 3, 0, 0, 3, 0, 0, 3, 0, 0, 3, 0, 0, 3, 0, NA, 3, 0, NA, 3, 0, NA, 3, 0, NA, 3, NA, NA, 4, NA, NA, 4, NA, NA, 4, NA),.Dim=c(3,28))

#censoring times
S.Y.CEN.W<-structure(.Data=c(0, 0, 185, 185, 148, 185, 185, 54, 185, 0, 0, 184, 185, 122, 185, 185, 111, 183, 185, 185, 185, 0, 104, 185, 185, 165, 185, 185, 0, 0, 48, 2, 184, 185, 107, 184, 0, 185, 185, 185, 185, 185, 0, 185, 185, 16, 0, 185, 74, 185, 181, 4, 185, 0, 185, 185, 185, 34, 185, 183, 36, 185, 185, NA, 0, 183, NA, 175, 185, NA, 9, 182, NA, 185, NA, NA, 185, NA, NA, 0, NA, NA, 119, NA),.Dim=c(3,28))

#number sampled each year
n.obsW<-c(21, 28, 24)

#####################################################################################################
# adult female survival data

#exit times
S.Y.AF<-structure(.Data=c(NA, NA, NA, NA, NA, NA, NA, NA, NA, 75, NA, NA, NA, NA, NA, NA, NA, NA, NA, NA, NA, NA, NA, NA, NA, NA, 161, NA, NA, NA, NA, NA, NA, 187, NA, NA, NA, NA, NA, NA, NA, NA, NA, NA, NA, NA, NA, NA, NA, NA, NA, NA, NA, NA, NA, NA, NA, NA, NA, NA, NA, NA, NA, NA, NA, NA, NA, NA, NA, NA, NA, NA, NA, NA, NA, NA, NA, NA, NA, NA, NA, NA, NA, NA, 320, NA, NA, NA, NA, NA, NA, NA, NA, NA, NA, NA, NA, NA, NA, NA, NA, NA, NA, NA, NA, NA, NA, NA, NA, NA, NA, NA, NA, NA, NA, NA, NA, NA, NA, NA, NA, NA, NA, NA, NA, NA, NA, NA, NA, NA, NA, NA, NA, NA, NA, NA, NA, NA, NA, NA, NA),.Dim=c(3,47))

#enter times
S.Y.ENT.AF<-structure(.Data=c(252, 0, 0, 185, 0, 0, 185, 0, 0, 0, 259, 0, 185, 183, 0, 252, 0, 0, 0, 0, 0, 0, 0, 0, 252, 0, 0, 252, 0, 0, 252, 182, 0, 0, 184, 0, 0, 184, 0, 0, 0, 0, 0, 0, 0, 0, 182, 0, 0, 183, 0, 0, 259, 0, 0, 259, 0, 185, 259, 0, 185, 0, 0, 252, 0, NA, 0, 0, NA, 0, 0, NA, 184, 183, NA, 184, 183, NA, 0, 183, NA, 252, 259, NA, 252, 259, NA, 252, 0, NA, 0, 0, NA, 0, 0, NA, 0, 259, NA, 0, 259, NA, 0, 259, NA, 0, 0, NA, 0, 184, NA, 184, NA, NA, 184, NA, NA, 0, NA, NA, 252, NA, NA, 184, NA, NA, 0, NA, NA, 0, NA, NA, 0, NA, NA, 0, NA, NA, 0, NA, NA),.Dim=c(3,47))

#censoring times
S.Y.CEN.AF<-structure(.Data=c(365, 230, 293, 365, 206, 180, 365, 181, 293, 0, 365, 236, 365, 365, 236, 365, 181, 236, 225, 229, 293, 89, 226, 235, 365, 233, 0, 365, 365, 257, 365, 365, 252, 0, 365, 106, 225, 365, 237, 225, 260, 180, 225, 230, 256, 225, 365, 293, 225, 365, 293, 226, 365, 293, 225, 365, 293, 284, 365, 293, 365, 181, 236, 365, 181, NA, 152, 227, NA, 225, 278, NA, 365, 365, NA, 365, 365, NA, 225, 365, NA, 365, 365, NA, 0, 365, NA, 365, 365, NA, 225, 181, NA, 225, 230, NA, 225, 365, NA, 225, 365, NA, 225, 365, NA, 225, 212, NA, 225, 365, NA, 365, NA, NA, 365, NA, NA, 226, NA, NA, 365, NA, NA, 365, NA, NA, 225, NA, NA, 225, NA, NA, 225, NA, NA, 225, NA, NA, 225, NA, NA),.Dim=c(3,47))

#number sampled each year
n.obsAF<-c(47, 37, 21)

#####################################################################################################
# fecundity data

#number pregnant
NumberPregEF<-c(27, 16, 18)

#total sampled
N.TOTALPREGEF<-c(28, 20, 20)

#####################################################################################################
#  aerial count data

#adjusted counts of yearlings (both sexes)
yEF<-c(558, 600, 800, 891)

#adjusted counts of adult females
afEF<-c(2756, 2347, 3190, 2649)

#####################################################################################################
# additional data for model
#number of years included in IPM
nYears=4

#average proportion of yearlings that were female based on ratio of annual male to female calf survival
P=0.584

#initial number of yearlings to start MCMC chains
NinitY<-yEF[1]

#initial number of adult females to start MCMC chains
NinitAF<-afEF[1]

#additional matrices for sensitivity calculations (3 empty matrices and 1 identity matrix)
mat1<-matrix(nrow=2, ncol=2)
sensMAT1<-matrix(nrow=2, ncol=2)
inMAT1<-matrix(nrow=2, ncol=2)
Identity1<-matrix(c(1,0,0,1),nrow=2, ncol=2)

#####################################################################################################
# bundle data for EF (note that counts are transformed to log scale for log-normal distrubtion)
